
stu_score<-c(80, 60, 70, 50, 90)
stu_score
# [1] 80 60 70 50 90

##rrr
